Step 1 took 32.78 seconds
0.276875
0.330625
0.330625
0.204375
0.204375
0.276875
0.276875
0.330625
0.188125
0.188125
0.330625
0.276875
0.276875
0.281875
0.204375
0.204375
0.330625
0.189375
0.188125
0.276875
0.276875
0.330625
0.4875
0.204375
0.39375
0.19125
0.34625
0.330625
0.330625
0.333125
0.453125
0.204375
0.238125
0.330625
0.54875
0.328125
0.4975
0.570625
0.243125
0.291875
0.500625
0.49
0.508125
0.506875
0.748125
0.51
0.759375
0.46625
0.56125
0.5775
0.950625
0.80375
0.598125
0.74
0.95375
0.8525
0.86
0.77125
0.835
0.921875
0.9225
0.819375
0.871875
0.940625
0.935625
0.873125
0.8775
0.94875
0.9375
0.930625
0.893125
0.925
0.95875
0.95
0.925625
0.94375
0.9575
0.949375
0.934375
0.95
0.959375
0.96125
0.943125
0.941875
0.958125
0.960625
0.956875
0.95625
0.960625
0.959375
0.954375
0.9575
0.964375
0.961875
0.96
0.95875
0.961875
0.96375
0.9625
0.9625
0.961875
0.963125
0.961875
0.9625
0.963125
0.96375
0.96375
0.96375
0.963125
0.963125
0.96375
0.964375
0.964375
0.965
0.96375
0.964375
0.964375
0.964375
0.965
0.964375
0.964375
0.965
0.965
0.964375
0.964375
0.964375
0.964375
0.964375
0.964375
0.964375
0.965
0.965625
0.965
0.965
0.965625
0.965625
0.965625
0.965625
0.965625
0.965625
0.965625
0.965625
0.965
0.965
0.965
0.965
0.965
0.965
0.965625
0.965625
0.96625
0.965625
0.965625
0.966875
0.9675
0.966875
0.9675
0.9675
0.9675
0.9675
0.9675
0.9675
0.9675
0.9675
0.9675
0.9675
0.9675
0.9675
0.9675
0.9675
0.9675
0.9675
0.9675
0.9675
0.9675
0.9675
0.9675
0.9675
0.9675
0.9675
0.9675
0.9675
0.9675
0.9675
0.9675
0.9675
0.968125
0.968125
0.968125
0.968125
0.968125
0.968125
0.968125
0.968125
0.968125
0.968125
0.968125
0.968125
0.968125
0.968125
0.968125
0.968125
0.968125
0.968125
0.968125
0.968125
0.968125
0.968125
0.968125
0.968125
0.968125
0.968125
0.968125
0.968125
0.968125
0.968125
0.968125
0.968125
0.968125
0.968125
0.96875
0.96875
0.96875
0.96875
0.96875
0.96875
0.96875
0.96875
0.96875
0.96875
0.96875
0.96875
0.96875
0.96875
0.96875
0.96875
0.96875
0.96875
0.96875
0.969375
0.969375
0.969375
0.969375
0.969375
0.969375
0.969375
0.969375
0.969375
0.969375
0.969375
0.969375
0.969375
0.969375
0.969375
0.969375
0.969375
0.969375
0.969375
0.969375
0.969375
0.969375
0.969375
0.969375
0.969375
0.969375
0.969375
0.969375
0.969375
0.969375
0.969375
0.969375
0.969375
0.969375
0.969375
0.969375
0.969375
0.969375
0.969375
0.969375
0.969375
0.969375
0.969375
0.969375
0.969375
0.969375
0.969375
0.969375
0.969375
0.969375
0.969375
0.969375
0.969375
0.969375
0.969375
0.969375
0.969375
0.969375
0.969375
0.969375
0.969375
0.969375
0.969375
0.969375
0.969375
0.969375
0.969375
0.969375
0.969375
0.969375
0.969375
0.969375
0.969375
0.969375
0.969375
0.969375
0.969375
0.969375
0.969375
0.969375
0.969375
0.969375
0.969375
0.969375
0.969375
0.969375
0.969375
0.969375
0.969375
0.969375
0.969375
0.969375
0.969375
0.969375
0.969375
0.969375
0.969375
0.969375
0.969375
0.969375
0.969375
0.969375
0.969375
0.969375
0.969375
0.969375
0.969375
0.969375
0.969375
0.969375
0.969375
0.969375
0.969375
0.969375
0.969375
0.969375
0.97
0.97
0.97
0.97
0.97
0.97
0.97
0.97
0.97
0.97
0.97
0.97
0.97
0.97
0.97
0.97
0.97
0.97
0.97
0.97
0.97
0.97
0.969375
0.969375
0.969375
0.969375
0.97
0.97
0.97
0.97
0.97
0.97
0.97
0.97
0.97
0.97
0.97
0.97
0.97
0.97
0.97
0.97
0.97
0.97
0.97
0.97
0.97
0.97
0.97
0.97
0.97
0.97
0.97
0.97
0.97
0.97
0.97
0.97
0.97
0.97
0.97
0.97
0.97
0.97
0.97
0.97
0.97
0.97
0.97
0.97
0.97
0.97
0.97
0.97
0.97
0.97
0.97
0.97
0.97
0.97
0.97
0.97
0.97
0.970625
0.970625
0.970625
0.970625
0.970625
0.970625
0.970625
0.970625
0.970625
0.970625
0.970625
0.970625
0.970625
0.970625
0.970625
0.970625
0.970625
0.970625
0.970625
0.970625
0.970625
0.970625
0.970625
0.970625
0.970625
0.970625
0.970625
0.970625
0.970625
0.970625
0.970625
0.970625
0.970625
0.970625
0.970625
0.970625
0.970625
0.970625
0.97125
0.97125
0.97125
0.97125
0.97125
0.97125
0.97125
0.97125
0.97125
0.97125
0.97125
0.97125
0.97125
0.97125
0.97125
0.97125
0.97125
0.97125
0.97125
0.97125
0.97125
0.97125
0.97125
0.97125
0.97125
0.97125
0.97125
0.97125
0.97125
0.97125
0.97125
0.97125
0.97125
0.97125
0.97125
0.97125
0.97125
0.97125
0.97125
0.97125
0.97125
0.97125
0.97125
0.97125
0.97125
0.97125
0.97125
0.97125
0.97125
0.97125
0.97125
0.97125
0.97125
0.97125
0.97125
0.97125
0.97125
0.97125
0.97125
0.97125
0.97125
0.97125
0.97125
0.97125
0.97125
0.97125
0.97125
0.97125
0.97125
0.97125
0.97125
0.97125
0.97125
0.97125
0.97125
0.97125
0.97125
0.97125
0.97125
0.97125
0.97125
0.97125
0.97125
0.97125
0.97125
0.97125
0.97125
0.97125
0.97125
0.97125
0.97125
0.97125
0.97125
0.97125
0.97125
0.97125
0.97125
0.97125
0.97125
0.97125
0.97125
0.97125
0.97125
0.97125
0.97125
0.97125
0.97125
0.97125
0.97125
0.97125
0.97125
0.97125
0.97125
0.97125
0.97125
0.97125
0.97125
0.97125
0.97125
0.97125
0.97125
0.97125
0.97125
0.97125
0.97125
0.97125
0.97125
0.97125
0.97125
0.97125
0.97125
0.97125
0.97125
0.97125
0.97125
0.97125
0.97125
0.97125
0.97125
0.97125
0.97125
0.97125
0.97125
0.97125
0.97125
0.97125
0.97125
0.97125
0.97125
0.97125
0.97125
0.97125
0.97125
0.97125
0.97125
0.97125
0.97125
0.97125
0.97125
0.97125
0.97125
0.97125
0.97125
0.97125
0.97125
0.97125
0.97125
0.97125
0.97125
0.97125
0.97125
0.97125
0.97125
0.97125
0.97125
0.97125
0.97125
0.97125
0.97125
0.97125
0.97125
0.97125
0.97125
0.97125
0.97125
0.97125
0.97125
0.97125
0.97125
0.97125
0.97125
0.97125
0.97125
0.97125
0.97125
0.97125
0.97125
0.97125
0.97125
0.97125
0.97125
0.97125
0.97125
0.97125
0.97125
0.97125
0.97125
0.97125
0.97125
0.97125
0.97125
0.97125
0.97125
0.97125
0.97125
0.97125
0.97125
0.97125
0.97125
0.97125
0.97125
0.97125
0.97125
0.97125
0.97125
0.97125
0.97125
0.97125
0.97125
0.97125
0.97125
0.97125
0.97125
0.97125
0.97125
0.97125
0.97125
0.97125
0.97125
0.97125
0.97125
0.97125
0.97125
0.97125
0.97125
0.97125
0.97125
0.97125
0.97125
0.97125
0.97125
0.97125
0.97125
0.97125
0.97125
0.97125
0.97125
0.97125
0.97125
0.97125
0.97125
0.97125
0.97125
0.97125
0.97125
0.97125
0.97125
0.97125
0.97125
0.97125
0.97125
0.97125
0.97125
0.97125
0.97125
0.97125
0.97125
0.97125
0.97125
0.97125
0.97125
0.97125
0.97125
0.97125
0.97125
0.97125
0.97125
0.97125
0.97125
0.97125
0.97125
0.97125
0.97125
0.97125
0.97125
0.97125
0.97125
0.97125
0.97125
0.97125
0.97125
0.97125
0.97125
0.97125
0.97125
0.97125
0.97125
0.97125
0.97125
0.97125
0.97125
0.97125
0.97125
0.97125
0.97125
0.97125
0.97125
0.97125
0.97125
0.97125
0.97125
0.97125
0.97125
0.97125
0.97125
0.97125
0.97125
0.97125
0.97125
0.97125
0.97125
0.97125
0.97125
0.97125
0.97125
0.97125
0.97125
0.97125
0.97125
0.97125
0.97125
0.97125
0.97125
0.97125
0.97125
0.97125
0.97125
0.97125
0.97125
0.97125
0.97125
0.97125
0.97125
0.97125
0.97125
0.97125
0.97125
0.97125
0.97125
0.97125
0.97125
0.97125
0.97125
0.97125
0.97125
0.97125
0.97125
0.97125
0.97125
0.97125
0.97125
0.97125
0.97125
0.97125
0.97125
0.97125
0.97125
0.97125
0.97125
0.97125
0.97125
0.97125
0.97125
0.97125
0.97125
0.97125
0.97125
0.97125
0.97125
0.97125
0.97125
0.97125
0.97125
0.97125
0.97125
0.97125
0.97125
0.97125
0.97125
0.97125
0.97125
0.97125
0.97125
0.97125
0.97125
0.97125
0.97125
0.97125
0.97125
0.97125
0.97125
0.97125
0.97125
0.97125
0.97125
0.97125
0.97125
0.97125
0.97125
0.97125
0.97125
0.97125
0.97125
0.97125
0.97125
0.97125
0.97125
0.97125
0.97125
0.97125
0.97125
0.97125
0.97125
0.97125
0.97125
0.97125
0.97125
0.97125
0.97125
0.97125
0.97125
0.97125
0.97125
0.97125
0.97125
0.97125
0.97125
0.97125
0.97125
0.97125
0.97125
0.97125
0.97125
0.97125
0.97125
0.97125
0.97125
0.97125
0.97125
0.97125
0.97125
0.97125
0.97125
0.97125
0.97125
0.97125
0.97125
0.97125
0.97125
0.97125
0.97125
0.97125
0.97125
0.97125
0.97125
0.97125
0.97125
0.97125
0.97125
0.97125
0.97125
0.97125
0.97125
0.97125
0.97125
0.97125
0.971875
0.971875
0.971875
0.971875
0.971875
0.971875
0.971875
0.971875
0.971875
0.971875
0.971875
0.971875
0.971875
0.971875
0.971875
0.971875
0.971875
0.971875
0.971875
0.971875
0.971875
0.971875
0.971875
0.971875
0.971875
0.971875
0.971875
0.971875
0.971875
0.971875
0.971875
0.971875
0.971875
0.971875
0.971875
0.971875
0.971875
0.971875
0.971875
0.971875
0.971875
0.971875
0.971875
0.971875
0.971875
0.971875
0.971875
0.971875
0.971875
0.971875
0.971875
0.971875
0.971875
0.971875
0.971875
0.971875
0.971875
0.971875
0.971875
0.971875
0.971875
0.971875
0.971875
0.971875
0.971875
0.971875
0.971875
0.971875
0.971875
0.971875
0.971875
0.971875
0.971875
0.971875
0.971875
0.971875
0.971875
0.971875
0.971875
0.971875
0.971875
0.971875
0.971875
0.971875
0.971875
0.971875
0.971875
0.971875
0.971875
0.971875
0.971875
0.971875
0.971875
0.971875
0.971875
0.971875
0.971875
0.971875
0.971875
0.971875
0.971875
0.971875
0.971875
0.971875
0.971875
0.971875
0.971875
0.971875
0.971875
0.971875
0.971875
0.971875
0.971875
0.971875
0.971875
0.971875
0.971875
0.971875
0.971875
0.971875
0.971875
0.971875
0.971875
0.971875
0.971875
0.971875
0.971875
0.971875
0.971875
0.971875
0.971875
0.971875
0.971875
0.971875
0.971875
0.971875
0.971875
0.971875
0.971875
0.971875
0.971875
0.971875
0.971875
0.971875
0.971875
0.971875
0.971875
0.971875
0.971875
0.971875
0.971875
0.971875
0.971875
0.971875
0.971875
0.971875
0.971875
0.971875
0.971875
0.971875
0.971875
0.971875
0.971875
0.971875
0.971875
0.971875
0.9725
0.9725
0.9725
0.9725
0.9725
0.9725
0.9725
0.9725
0.9725
0.9725
0.9725
0.9725
0.9725
0.9725
0.9725
0.9725
0.9725
0.9725
0.9725
0.9725
0.9725
0.9725
0.9725
0.9725
0.9725
0.9725
0.9725
0.9725
0.9725
0.9725
0.9725
0.9725
0.9725
0.9725
0.9725
0.9725
0.9725
0.9725
0.9725
0.9725
0.9725
0.9725
0.9725
0.9725
0.9725
0.9725
0.9725
0.9725
0.9725
0.9725
0.9725
0.9725
0.9725
0.9725
0.9725
0.9725
0.9725
0.9725
0.9725
0.9725
0.9725
0.9725
0.9725
0.9725
0.9725
0.9725
0.9725
0.9725
0.9725
0.9725
0.9725
0.9725
0.9725
0.9725
0.9725
0.9725
0.9725
0.9725
0.9725
0.9725
0.9725
0.9725
0.9725
0.9725
0.9725
0.9725
0.9725
0.9725
0.9725
0.9725
0.9725
0.973125
0.973125
0.973125
0.973125
0.973125
0.973125
0.973125
0.973125
0.973125
0.973125
0.973125
0.973125
0.973125
0.973125
0.973125
0.973125
0.973125
0.973125
0.973125
0.973125
0.973125
0.973125
0.973125
0.973125
0.973125
0.973125
0.973125
0.973125
0.973125
0.973125
0.973125
0.973125
0.973125
0.973125
0.973125
0.973125
0.973125
0.973125
0.973125
0.973125
0.973125
0.973125
0.973125
0.973125
0.973125
0.973125
0.973125
0.973125
0.973125
0.973125
0.973125
0.973125
0.973125
0.973125
0.973125
0.973125
0.973125
0.973125
0.973125
0.973125
0.973125
0.973125
0.973125
0.973125
0.973125
0.973125
0.973125
0.973125
0.973125
0.973125
0.973125
0.973125
0.973125
0.973125
0.973125
0.973125
0.973125
0.973125
0.973125
0.973125
0.973125
0.973125
0.973125
0.973125
0.973125
0.973125
0.973125
0.973125
0.973125
0.973125
0.973125
0.973125
0.973125
0.973125
0.973125
0.973125
0.973125
0.973125
0.973125
0.973125
0.973125
0.973125
0.973125
0.973125
0.973125
0.973125
0.973125
0.973125
0.973125
0.973125
0.973125
0.973125
0.973125
0.973125
0.973125
0.973125
0.973125
0.973125
0.973125
0.973125
0.973125
0.973125
0.973125
0.973125
0.973125
0.973125
0.973125
0.973125
0.973125
0.973125
0.973125
0.973125
0.973125
0.973125
0.973125
0.973125
0.973125
0.973125
0.973125
0.973125
0.973125
0.973125
0.973125
0.973125
0.973125
0.973125
0.973125
0.973125
0.973125
0.973125
0.973125
0.973125
0.973125
0.973125
0.973125
0.973125
0.973125
0.973125
0.973125
0.973125
0.973125
0.973125
0.973125
0.973125
0.973125
0.973125
0.973125
0.973125
0.973125
0.973125
0.973125
0.973125
0.973125
0.973125
0.973125
0.973125
0.973125
0.973125
0.973125
0.973125
0.973125
0.973125
0.973125
0.973125
0.973125
0.973125
0.973125
0.973125
0.973125
0.973125
0.973125
0.973125
0.973125
0.973125
0.973125
0.973125
0.973125
0.973125
0.973125
0.973125
0.973125
0.973125
0.973125
0.973125
0.973125
0.973125
0.973125
0.973125
0.973125
0.973125
0.973125
0.973125
0.973125
0.973125
0.973125
0.973125
0.973125
0.973125
0.973125
0.973125
0.973125
0.973125
0.973125
0.973125
0.973125
0.973125
0.973125
0.973125
0.973125
0.973125
0.973125
0.973125
0.973125
0.973125
0.973125
0.973125
0.973125
0.973125
0.973125
0.973125
0.973125
0.973125
0.973125
0.973125
0.973125
0.973125
0.973125
0.973125
0.973125
0.973125
0.973125
0.973125
0.973125
0.973125
0.973125
0.973125
0.973125
0.973125
0.973125
0.973125
0.973125
0.973125
0.973125
0.973125
0.973125
0.973125
0.973125
0.973125
0.973125
0.973125
0.973125
0.973125
0.973125
0.973125
0.973125
0.973125
0.973125
0.973125
0.973125
0.973125
0.973125
0.973125
0.973125
0.973125
0.973125
0.973125
0.973125
0.973125
0.973125
0.973125
0.973125
0.973125
0.973125
0.973125
0.973125
0.973125
0.973125
0.973125
0.973125
0.973125
0.973125
0.97375
0.97375
0.97375
0.97375
0.97375
0.97375
0.97375
0.97375
0.97375
0.97375
0.97375
0.97375
0.97375
0.97375
0.97375
0.97375
0.97375
0.97375
0.97375
0.97375
0.97375
0.97375
0.97375
0.97375
0.97375
0.97375
0.97375
0.97375
0.97375
0.97375
0.97375
0.97375
0.97375
0.97375
0.97375
0.97375
0.97375
0.97375
0.97375
0.97375
0.97375
0.97375
0.97375
0.97375
0.97375
0.97375
0.97375
0.97375
0.97375
0.97375
0.97375
0.97375
0.97375
0.97375
0.97375
0.97375
0.97375
0.97375
0.97375
0.97375
0.97375
0.97375
0.97375
0.97375
0.97375
0.97375
0.97375
0.97375
0.97375
0.97375
0.97375
0.97375
0.97375
0.97375
0.97375
0.97375
0.97375
0.97375
0.97375
0.97375
0.97375
0.97375
0.97375
0.97375
0.97375
0.97375
0.97375
0.974375
0.974375
0.974375
0.974375
0.974375
0.974375
0.974375
0.974375
0.974375
0.974375
0.974375
0.974375
0.974375
0.974375
0.974375
0.974375
0.974375
0.974375
0.974375
0.974375
0.974375
0.974375
0.974375
0.974375
0.974375
0.974375
0.974375
0.974375
0.974375
0.974375
0.974375
0.974375
0.974375
0.974375
0.974375
0.974375
0.974375
0.974375
0.974375
0.974375
0.974375
0.974375
0.974375
0.974375
0.974375
0.974375
0.974375
0.974375
0.974375
0.974375
0.974375
0.974375
0.974375
0.974375
0.974375
0.974375
0.974375
0.974375
0.974375
0.974375
0.974375
0.974375
0.974375
0.974375
0.974375
0.974375
0.974375
0.974375
0.974375
0.974375
0.974375
0.974375
0.974375
0.974375
0.974375
0.974375
0.974375
0.974375
0.974375
0.974375
0.974375
0.974375
0.974375
0.974375
0.974375
0.974375
0.974375
0.974375
0.974375
0.974375
0.974375
0.974375
0.974375
0.974375
0.974375
0.974375
0.974375
0.974375
0.974375
0.974375
0.974375
0.974375
0.974375
0.974375
0.974375
0.974375
0.974375
0.974375
0.974375
0.974375
0.974375
0.974375
0.974375
0.974375
0.974375
0.974375
0.974375
0.974375
0.974375
0.974375
0.974375
0.974375
0.974375
0.974375
0.974375
0.974375
0.974375
0.974375
0.974375
0.974375
0.974375
0.974375
0.974375
0.974375
0.974375
0.974375
0.974375
0.974375
0.974375
0.974375
0.974375
0.974375
0.974375
0.974375
0.974375
0.974375
0.974375
0.974375
0.974375
0.974375
0.974375
0.974375
0.974375
0.974375
0.974375
0.974375
0.974375
0.974375
0.974375
0.974375
0.974375
0.974375
0.974375
0.974375
0.974375
0.974375
0.974375
0.974375
0.974375
0.974375
0.974375
0.974375
0.974375
0.974375
0.974375
0.974375
0.974375
0.974375
0.974375
0.974375
0.974375
0.974375
0.974375
0.974375
0.974375
0.974375
0.974375
0.974375
0.974375
0.974375
0.974375
0.974375
0.974375
0.974375
0.974375
0.974375
0.974375
0.974375
0.974375
0.974375
0.974375
0.974375
0.974375
0.974375
0.974375
0.974375
0.974375
0.974375
0.974375
0.974375
0.974375
0.974375
0.974375
0.974375
0.974375
0.974375
0.974375
0.974375
0.974375
0.974375
0.974375
0.974375
0.974375
0.974375
0.974375
0.974375
0.974375
0.974375
0.974375
0.974375
0.974375
0.974375
0.974375
0.974375
0.974375
0.974375
0.974375
0.974375
0.974375
0.974375
0.974375
0.974375
0.974375
0.974375
0.974375
0.974375
0.974375
0.974375
0.974375
0.974375
0.974375
0.974375
0.974375
0.974375
0.974375
0.974375
0.974375
0.974375
0.974375
0.974375
0.974375
0.974375
0.974375
0.974375
0.974375
0.974375
0.974375
0.974375
0.974375
0.974375
0.974375
0.974375
0.974375
0.974375
0.974375
0.974375
0.974375
0.974375
0.974375
0.974375
0.974375
0.974375
0.974375
0.974375
0.974375
0.974375
0.974375
0.974375
0.974375
0.974375
0.974375
0.974375
0.974375
0.974375
0.974375
0.974375
0.974375
0.974375
0.974375
0.974375
0.974375
0.974375
0.974375
0.974375
0.974375
0.974375
0.974375
0.974375
0.974375
0.974375
0.974375
0.974375
0.974375
0.974375
0.974375
0.974375
0.974375
0.974375
0.974375
0.974375
0.974375
0.974375
0.974375
0.974375
0.974375
0.974375
0.974375
0.974375
0.974375
0.974375
0.974375
0.974375
0.974375
0.974375
0.974375
0.974375
0.974375
0.974375
0.974375
0.974375
0.974375
0.974375
0.974375
0.974375
0.974375
0.974375
0.974375
0.974375
0.974375
0.974375
0.974375
0.974375
0.974375
0.974375
0.974375
0.974375
0.974375
0.974375
0.974375
0.974375
0.974375
0.974375
0.974375
0.974375
0.974375
0.974375
0.974375
0.974375
0.974375
0.974375
0.974375
0.974375
0.974375
0.974375
0.974375
0.974375
0.974375
0.974375
0.974375
0.974375
0.974375
0.974375
0.974375
0.974375
0.974375
0.974375
0.974375
0.974375
0.974375
0.974375
0.974375
0.974375
0.974375
0.974375
0.974375
0.974375
0.974375
0.974375
0.974375
0.974375
0.974375
0.974375
0.974375
0.974375
0.974375
0.974375
0.974375
0.974375
0.974375
0.974375
0.974375
0.974375
0.974375
0.974375
0.974375
0.974375
0.974375
0.974375
0.974375
0.974375
0.974375
0.974375
0.974375
0.974375
0.974375
0.974375
0.974375
0.974375
0.974375
0.974375
0.974375
0.974375
0.974375
0.974375
0.974375
0.974375
0.974375
0.974375
0.974375
0.974375
0.974375
0.974375
0.974375
0.974375
0.974375
0.974375
0.974375
0.974375
0.974375
0.974375
0.974375
0.974375
0.974375
0.974375
0.974375
0.974375
0.974375
0.974375
0.974375
0.974375
0.974375
0.974375
0.974375
0.974375
0.974375
0.974375
0.974375
0.974375
0.974375
0.974375
0.974375
0.974375
0.974375
0.974375
0.974375
0.974375
0.974375
0.974375
0.974375
0.974375
0.974375
0.974375
0.974375
0.974375
0.974375
0.974375
0.974375
0.974375
0.974375
0.974375
0.974375
0.974375
0.974375
0.974375
0.974375
0.974375
0.974375
0.974375
0.974375
0.974375
0.974375
0.974375
0.974375
0.974375
0.974375
0.974375
0.974375
0.974375
0.974375
0.974375
0.974375
0.974375
0.974375
0.974375
0.974375
0.974375
0.974375
0.974375
0.974375
0.974375
0.974375
0.974375
0.974375
0.974375
0.974375
0.974375
0.974375
0.974375
0.974375
0.974375
0.974375
0.974375
0.974375
0.974375
0.974375
0.974375
0.974375
0.974375
0.974375
0.974375
0.974375
0.974375
0.974375
0.974375
0.974375
0.974375
0.974375
0.974375
0.974375
0.974375
0.974375
0.974375
0.974375
0.974375
0.974375
0.974375
0.974375
0.974375
0.974375
0.974375
0.974375
0.974375
0.974375
0.974375
0.974375
0.974375
0.974375
0.974375
0.974375
0.974375
0.974375
0.974375
0.974375
0.974375
0.974375
0.974375
0.974375
0.974375
0.974375
0.974375
0.974375
0.974375
0.974375
0.974375
0.974375
0.974375
0.974375
0.974375
0.974375
0.974375
0.974375
0.974375
0.974375
0.974375
0.974375
0.974375
0.974375
0.974375
0.974375
0.974375
0.974375
0.974375
0.974375
0.974375
0.974375
0.974375
0.974375
0.974375
0.974375
0.974375
0.974375
0.974375
0.974375
0.974375
0.974375
0.974375
0.974375
0.974375
0.974375
0.974375
0.974375
0.974375
0.974375
0.974375
0.974375
0.974375
0.974375
0.974375
0.974375
0.974375
0.974375
0.974375
0.974375
0.974375
0.974375
0.974375
0.974375
0.974375
0.974375
0.974375
0.974375
0.974375
0.974375
0.974375
0.974375
0.974375
0.974375
0.974375
0.974375
0.974375
0.974375
0.974375
0.974375
0.974375
0.974375
0.974375
0.974375
0.974375
0.974375
0.974375
0.974375
0.974375
0.974375
0.974375
0.974375
0.974375
0.974375
0.974375
0.974375
0.974375
0.974375
0.974375
0.974375
0.974375
0.974375
0.974375
0.974375
0.974375
0.974375
0.974375
0.974375
0.974375
0.974375
0.974375
0.974375
0.974375
0.974375
0.974375
0.974375
0.974375
0.974375
0.974375
0.974375
0.974375
0.974375
0.974375
0.974375
0.974375
0.974375
0.974375
0.974375
0.974375
0.974375
0.974375
0.974375
0.974375
0.974375
0.974375
0.974375
0.974375
0.974375
0.974375
0.974375
0.974375
0.974375
0.974375
0.974375
0.974375
0.974375
0.974375
0.974375
0.974375
0.974375
0.974375
0.974375
0.974375
0.974375
0.974375
0.974375
0.974375
0.974375
0.974375
0.974375
0.974375
0.974375
0.974375
0.974375
0.974375
0.974375
0.974375
0.974375
0.974375
0.974375
0.974375
0.974375
0.974375
0.974375
0.974375
0.974375
0.974375
0.974375
0.974375
0.974375
0.974375
0.974375
0.974375
0.974375
0.974375
0.974375
0.974375
0.974375
0.974375
0.974375
0.974375
0.974375
0.974375
0.974375
0.974375
0.974375
0.974375
0.974375
0.974375
0.974375
0.974375
0.974375
0.974375
0.974375
0.974375
0.974375
0.974375
0.974375
0.974375
0.974375
0.974375
0.974375
0.974375
0.974375
0.974375
0.974375
0.974375
0.974375
0.974375
0.974375
0.974375
0.974375
0.974375
0.974375
0.974375
0.974375
0.974375
0.974375
0.974375
0.974375
0.974375
0.974375
0.974375
0.974375
0.974375
0.974375
0.974375
0.974375
0.974375
0.974375
0.974375
0.974375
0.974375
0.974375
0.974375
0.974375
0.974375
0.974375
0.974375
0.974375
0.974375
0.974375
0.974375
0.974375
0.974375
0.974375
0.974375
0.974375
0.974375
0.974375
0.974375
0.974375
0.974375
0.974375
0.974375
0.974375
0.974375
0.974375
0.974375
0.974375
0.974375
0.974375
0.974375
0.974375
0.974375
0.974375
0.974375
0.974375
0.974375
0.974375
0.974375
0.974375
0.974375
0.974375
0.974375
0.974375
0.974375
0.974375
0.974375
0.974375
0.974375
0.974375
0.974375
0.974375
0.974375
0.974375
0.974375
0.974375
0.974375
0.974375
0.975
0.975
0.975
0.975
0.975
0.975
0.975
0.975
0.975
0.975
0.975
0.975
0.975
0.975
0.975
0.975
0.975
0.975
0.975
0.975
0.975
0.975
0.975
0.975
0.975
0.975
0.975
0.975
0.975
0.975
0.975
0.975
0.975
0.975
0.975
0.975
0.975
0.975
0.975
0.975
0.975
0.975
0.975
0.975
0.975
0.975
0.975
0.975
0.975
0.975
0.975
0.975
0.975
0.975
0.975
0.975
0.975
0.975
0.975
0.975
0.975
0.975
0.975
0.975
0.975
0.975
0.975
0.975
0.975
0.975
0.975
0.975
0.975
0.975
0.975
0.975
0.975
0.975
0.975
0.975
0.975
0.975
0.975
0.975
0.975
0.975
0.975
0.975
0.975
0.974375
0.974375
0.974375
0.974375
0.974375
0.974375
0.974375
0.974375
0.974375
0.974375
0.974375
0.974375
0.974375
0.974375
0.974375
0.974375
0.974375
0.974375
0.974375
0.974375
0.974375
0.974375
0.974375
0.974375
0.974375
0.974375
0.974375
0.974375
0.974375
0.974375
0.974375
0.974375
0.974375
0.974375
0.974375
0.974375
0.974375
0.974375
0.974375
0.974375
0.974375
0.974375
0.974375
0.974375
0.974375
0.974375
0.974375
0.974375
0.974375
0.974375
0.974375
0.974375
0.974375
0.974375
0.974375
0.974375
0.974375
0.974375
0.974375
0.974375
0.974375
0.974375
0.974375
0.974375
0.974375
0.974375
0.974375
0.974375
0.974375
0.974375
0.974375
0.974375
0.974375
0.974375
0.974375
0.974375
0.974375
0.974375
0.974375
0.974375
0.974375
0.974375
0.974375
0.974375
0.974375
0.974375
0.974375
0.974375
0.974375
0.974375
0.974375
0.974375
0.974375
0.974375
0.974375
0.974375
0.974375
0.974375
0.974375
0.974375
0.974375
0.974375
0.974375
0.974375
0.974375
0.974375
0.974375
0.974375
0.974375
0.974375
0.974375
0.974375
0.974375
0.974375
0.974375
0.974375
0.974375
0.974375
0.974375
0.974375
0.974375
0.974375
0.974375
0.974375
0.974375
0.974375
0.974375
0.974375
0.974375
0.974375
0.974375
0.974375
0.974375
0.974375
0.974375
0.974375
0.974375
0.974375
0.974375
0.974375
0.974375
0.974375
0.974375
0.974375
0.974375
0.974375
0.974375
0.974375
0.974375
0.974375
0.974375
0.974375
0.974375
0.974375
0.974375
0.974375
0.974375
0.974375
0.974375
0.974375
0.974375
0.974375
0.974375
0.974375
0.974375
0.974375
0.974375
0.974375
0.974375
0.974375
0.974375
0.974375
0.974375
0.974375
0.974375
0.974375
0.974375
0.974375
0.974375
0.974375
0.974375
0.974375
0.974375
0.974375
0.974375
0.974375
0.974375
0.974375
0.974375
0.974375
0.974375
0.974375
0.974375
0.974375
0.974375
0.974375
0.974375
0.974375
0.974375
0.974375
0.974375
0.974375
0.974375
0.974375
0.974375
0.974375
0.974375
0.974375
0.974375
0.974375
0.974375
0.974375
0.974375
0.974375
0.974375
0.974375
0.974375
0.974375
0.974375
0.974375
0.974375
0.974375
0.974375
0.974375
0.974375
0.974375
0.974375
0.974375
0.974375
0.974375
0.974375
0.974375
0.974375
0.974375
0.974375
0.974375
0.974375
0.974375
0.974375
0.974375
0.974375
0.974375
0.974375
0.974375
0.974375
0.974375
0.974375
0.974375
0.974375
0.974375
0.974375
0.974375
0.974375
0.974375
0.974375
0.974375
0.974375
0.975
0.974375
0.975
0.974375
0.975
0.974375
0.975
0.974375
0.975
0.974375
0.975625
0.974375
0.975625
0.974375
0.97625
0.974375
0.97625
0.974375
0.976875
0.97375
0.975
0.975
0.9725
0.973125
0.949375
0.66375
0.34375
0.38
0.188125
0.330625
0.330625
0.276875
0.276875
0.204375
0.458125
0.330625
0.195
0.51125
0.3425
0.276875
0.276875
0.276875
0.204375
0.503125
0.514375
0.263125
0.588125
0.428125
0.363125
0.69625
0.654375
0.28
0.4475
0.18875
0.478125
0.330625
0.3325
0.51125
0.474375
0.47375
0.765
0.53125
0.318125
0.706875
0.78
0.49875
0.78625
0.52375
0.740625
0.946875
0.515625
0.641875
0.961875
0.515
0.923125
0.77625
0.70625
0.965625
0.951875
0.7475
0.898125
0.914375
0.860625
0.960625
0.965
0.83875
0.9525
0.96375
0.930625
0.9375
0.9675
0.973125
0.958125
0.935625
0.969375
0.96875
0.955625
2922
Step 2 took 35.37 seconds
